04 10 11 13 16 18 26 27 28 35 38 41 52 53 54
01 03 04 07 11 15 26 29 33 40 43 49 50 51 54
03 04 07 18 23 27 28 33 37 48 50 53 58 59 60
01 04 07 16 17 22 24 28 30 38 39 41 44 49 51
12 13 14 07 15 18 21 22 23 32 34 41 51 55 60
02 03 04 07 08 11 13 21 31 32 36 50 51 54 59
05 11 15 18 19 25 27 32 35 45 53 54 55 57 60
01 09 22 25 29 30 31 32 37 39 40 46 53 54 57
01 06 07 18 26 31 33 38 41 46 49 50 51 53 59
01 12 14 21 22 33 37 41 44 48 51 53 54 56 57
06 08 09 13 14 24 25 35 40 41 45 46 52 57 58
02 04 13 16 19 21 22 24 27 37 40 49 52 54 57
05 11 12 17 22 31 32 37 38 39 40 42 45 49 51
07 09 11 12 13 14 17 22 24 26 33 38 41 50 60
02 09 10 22 24 25 29 33 36 38 46 49 54 55 60
07 11 23 24 25 26 29 32 40 43 44 50 52 53 59
01 03 04 17 23 24 30 37 38 39 45 50 52 59 60
07 10 20 21 24 31 33 35 39 40 42 45 46 48 54
01 10 14 18 19 28 30 36 41 45 46 47 52 55 59
06 09 11 14 16 18 21 25 36 40 45 46 47 53 60
11 12 15 18 31 37 40 45 47 51 53 54 56 58 59
02 03 04 08 10 30 31 38 41 42 49 50 51 52 54
01 07 09 11 13 14 20 22 23 33 36 37 38 42 44
03 07 11 17 23 25 27 32 36 37 39 44 46 47 53
01 03 06 13 17 15 19 23 30 41 44 46 47 48 55
01 02 07 11 16 18 29 31 44 45 47 50 53 54 57
02 03 09 16 17 22 23 27 33 34 40 42 48 52 58
01 03 06 07 08 27 29 30 34 41 47 50 51 52 60
02 05 09 12 14 27 28 31 38 39 47 53 56 59 60
02 03 10 12 14 15 21 23 37 46 50 51 52 53 60
06 07 09 11 14 16 18 20 27 42 44 49 50 55 60
01 05 06 08 10 11 20 23 49 50 55 34 56 59 60
01 06 07 12 17 27 30 36 37 41 49 50 51 55 58
01 08 19 23 25 28 29 35 37 38 39 41 49 50 60
01 11 18 19 20 22 25 31 35 41 49 50 54 56 59
06 07 09 13 14 18 19 22 27 31 32 37 48 51 58
01 06 07 09 11 12 15 16 27 37 41 54 56 59 60
09 14 16 18 23 25 29 37 39 41 43 46 47 50 55
02 07 14 17 30 37 39 40 42 47 48 49 53 57 58
01 02 03 06 09 16 17 33 38 41 42 44 46 51 52
01 06 12 13 18 23 26 31 38 42 47 55 56 58 59
11 15 25 29 37 39 40 41 43 38 44 51 52 59 60
06 07 16 20 22 30 32 34 41 42 47 54 56 58 60
01 09 14 16 23 24 32 33 37 41 43 45 56 59 60
02 03 07 08 09 16 25 28 31 33 40 47 48 53 56
02 07 14 16 17 22 25 33 35 47 52 55 56 59 60
02 07 13 14 16 17 27 30 32 34 37 38 51 52 58
03 04 11 13 17 18 27 29 36 38 49 53 54 57 59
07 10 12 14 15 20 24 25 26 30 31 38 41 46 50
06 12 16 27 28 30 33 37 38 43 46 50 55 57 60
12 17 19 23 24 28 30 32 44 45 51 55 56 57 59
04 06 08 11 23 26 28 31 36 41 43 50 53 57 59
01 15 21 29 32 34 36 37 42 47 50 51 53 56 59
06 11 14 17 20 22 24 31 32 39 51 53 56 59 60
05 10 15 18 23 26 31 37 38 49 51 52 54 57 58
01 04 07 08 15 19 24 29 34 36 37 39 44 48 60
04 16 20 27 29 30 35 36 37 38 44 45 46 51 58
07 08 09 12 13 14 20 29 36 38 43 44 47 50 53
01 02 03 06 11 12 22 27 36 41 44 45 49 55 57
02 11 22 29 31 32 33 36 44 49 51 52 57 58 60
01 17 20 22 24 26 28 29 33 35 43 35 44 48 60
02 03 10 13 22 23 26 29 32 33 34 44 54 56 60
03 05 06 13 17 18 36 39 41 42 51 52 56 57 60
01 02 03 08 12 15 21 25 30 34 38 40 43 52 56
06 09 12 14 23 24 28 30 33 34 35 40 45 51 53
03 17 19 22 25 26 40 41 42 47 48 49 52 58 59
04 05 08 21 24 26 27 32 36 44 53 54 55 58 59
03 11 15 17 18 20 22 23 24 29 34 39 40 41 42
07 14 17 19 20 21 24 25 30 42 46 52 58 59 60
03 14 20 25 31 33 08 34 35 41 44 52 54 58 60
07 14 15 16 21 30 31 33 35 40 42 46 47 49 50
04 05 14 16 18 19 37 40 42 48 50 53 55 56 58
05 08 09 10 26 31 35 40 45 47 48 53 54 55 60
02 03 15 16 19 20 21 22 25 26 27 34 37 38 42
01 02 04 08 14 15 17 22 25 27 29 36 37 47 57
07 14 16 19 21 22 23 29 36 39 40 42 53 58 60
02 06 08 09 13 18 19 22 23 27 37 39 48 49 59
01 03 06 14 15 19 24 30 33 36 45 48 49 51 56
05 15 19 22 23 27 37 38 43 45 48 53 55 58 60
02 05 06 12 18 19 29 30 35 43 48 50 51 54 57
01 02 10 14 24 31 32 34 42 43 44 46 48 51 60
17 18 21 22 23 24 26 27 29 31 32 37 52 54 57
03 10 13 18 21 23 28 31 38 43 44 48 51 57 60
04 06 07 09 11 15 23 25 28 31 32 37 39 46 52
06 10 13 17 19 22 23 24 30 33 35 37 54 55 59
03 06 09 14 19 23 27 32 34 37 39 43 47 50 54
06 07 10 17 19 20 22 23 29 30 38 39 48 50 52
05 10 11 13 15 22 25 26 32 37 44 47 50 54 55
01 02 03 04 05 09 20 22 24 39 40 41 45 51 60
01 07 14 19 21 23 28 36 41 46 48 51 52 57 60
05 07 08 09 12 14 15 19 26 28 30 48 12 55 58
02 07 14 17 20 23 25 26 31 36 38 42 43 47 56
04 06 11 13 15 16 18 19 25 27 29 35 43 47 60
01 11 14 16 19 21 23 27 29 31 39 43 44 54 56
03 06 10 12 22 32 33 34 38 40 44 46 47 49 53
01 04 07 13 19 22 25 27 28 29 44 49 53 54 57
05 07 12 14 15 23 27 37 38 41 43 45 50 52 58
03 04 11 17 19 23 28 36 37 38 43 44 50 51 60
01 03 10 19 22 25 26 28 29 33 39 43 48 49 50
01 03 04 05 13 21 23 25 28 29 30 33 38 49 55
09 10 12 05 13 14 16 17 19 21 46 50 51 53 55
02 11 13 22 26 31 32 33 34 36 46 47 53 56 59
02 22 29 30 33 42 43 44 46 47 50 51 53 57 58
03 16 20 21 22 33 38 40 42 43 45 50 57 58 59
05 12 15 22 25 27 28 29 32 33 43 44 47 53 59
03 05 06 08 23 31 32 34 36 42 50 52 55 56 59
07 08 09 10 13 14 15 19 32 38 40 49 51 52 54
03 04 12 13 15 18 19 21 25 27 38 39 48 52 54
01 04 09 16 17 20 21 22 27 30 34 37 40 47 54
04 10 11 14 16 22 25 27 37 39 40 42 43 47 55
06 07 09 12 17 23 25 27 37 38 41 51 53 54 56
03 05 10 14 19 20 22 29 31 37 38 41 47 58 60
01 04 07 08 12 14 21 26 29 30 39 40 48 51 58
01 05 09 12 16 28 29 30 32 34 35 49 54 55 57
02 04 06 09 12 15 20 24 26 31 34 35 39 42 46
02 06 12 13 24 27 35 38 39 43 44 47 51 58 60
06 07 08 09 11 13 26 29 34 42 46 51 54 56 57
01 03 08 16 21 24 26 31 37 38 39 41 48 49 56
06 07 08 12 13 16 17 32 35 40 41 42 49 51 57
02 07 12 20 23 27 38 40 45 47 48 49 50 54 55
02 08 14 19 27 29 33 37 40 42 46 49 53 54 57
02 06 08 14 15 19 20 26 31 37 47 48 56 59 60
07 13 14 18 24 25 30 35 36 39 44 46 50 52 57
07 10 14 21 26 27 29 31 32 47 50 52 56 59 60
02 05 06 08 11 16 29 34 41 45 47 49 50 51 58
02 04 05 07 10 11 13 15 24 25 28 34 37 41 55
02 04 05 10 12 09 22 24 25 33 40 48 53 57 60
04 08 09 11 23 27 31 36 39 41 46 48 54 59 60
09 11 13 20 25 30 35 36 40 41 43 44 53 57 60
01 04 06 08 11 14 19 25 29 33 34 41 45 49 52
03 05 10 15 16 22 27 30 32 37 39 43 44 48 51
04 08 11 17 18 22 24 25 30 37 44 49 53 54 57
01 02 04 16 20 23 27 31 36 41 43 44 46 54 59
03 04 08 12 25 14 36 37 42 46 49 53 54 58 60
04 08 10 11 30 35 40 44 45 46 47 49 51 52 57
02 05 10 15 17 18 21 24 25 28 29 35 38 39 53
02 18 20 23 24 31 32 35 41 43 45 47 54 55 57
03 12 14 21 23 30 34 36 38 40 41 43 50 56 57
11 14 20 22 24 30 34 36 38 42 48 49 51 54 57
03 07 11 12 16 17 19 29 32 09 37 46 52 57 58
01 05 11 13 15 17 19 20 32 39 48 50 54 56 57
02 15 19 21 23 26 27 36 46 31 49 51 52 55 59
13 15 20 22 31 33 35 36 37 46 47 49 53 59 60
07 10 13 17 19 26 38 43 44 47 48 51 52 54 55
02 14 15 17 22 28 36 38 40 41 44 51 54 55 60
02 06 10 14 16 19 20 24 33 36 43 44 49 56 59
03 04 06 07 23 27 28 29 32 34 37 40 48 50 56
08 09 10 18 19 28 29 33 34 51 52 53 55 56 58
01 04 05 06 10 22 23 26 27 32 37 43 48 49 51
01 03 06 08 18 20 24 35 38 40 42 46 50 55 59
01 08 11 17 21 22 30 31 32 36 41 44 53 56 59
06 08 11 22 23 25 31 36 38 42 45 48 51 52 54
01 02 08 16 21 22 24 28 29 32 35 37 39 52 57
01 09 10 11 13 18 19 23 24 26 35 37 41 44 46
03 11 14 15 21 23 24 25 36 38 39 49 52 54 56
03 06 10 14 16 17 20 34 35 38 40 45 48 56 58
01 08 11 15 20 22 30 31 35 36 39 44 46 52 55
09 10 14 16 27 20 28 14 37 39 50 52 53 54 59
05 09 19 25 28 32 35 42 46 47 48 49 52 54 55
01 02 04 07 13 15 21 23 25 28 31 44 45 46 56
04 05 15 20 24 27 34 36 43 48 49 51 52 58 60
05 08 15 24 26 28 35 39 41 43 47 53 54 56 59
01 19 20 22 24 26 33 38 39 41 42 43 45 49 53
05 06 07 15 19 23 25 32 34 40 43 44 49 51 54
01 07 09 10 20 21 26 30 38 39 44 51 54 58 60
12 14 21 23 26 29 33 35 36 39 40 45 46 49 58
04 07 14 18 23 24 27 30 36 39 45 47 48 56 58
06 13 17 21 29 30 35 38 43 45 47 50 51 53 55
02 04 05 06 08 09 19 20 25 32 35 38 50 53 55
04 07 08 18 19 22 24 25 27 29 35 40 46 58 59
02 03 04 07 10 11 12 15 18 20 32 43 47 52 53
04 08 09 19 20 24 29 32 33 35 41 42 46 53 58
07 09 13 19 24 25 26 27 37 38 44 47 49 50 55
01 10 11 15 18 22 26 28 36 38 47 48 51 52 56
01 08 14 27 28 29 32 33 34 37 41 43 48 51 56
02 03 05 09 16 17 18 19 25 29 36 37 40 42 55
06 11 19 20 23 24 33 36 37 38 40 42 43 47 55
08 16 17 21 22 24 32 35 37 38 45 48 54 58 60
01 04 06 09 10 12 14 21 23 34 36 44 46 53 54
04 07 13 14 17 18 21 26 27 30 33 38 52 54 58
03 05 11 14 16 23 26 30 35 36 47 49 52 55 59
05 07 09 10 13 14 27 35 38 39 41 47 52 53 57
05 09 10 20 22 25 31 32 34 36 40 44 47 51 57
01 03 06 09 11 20 23 24 33 37 40 41 44 54 58
03 07 08 09 13 20 26 31 38 41 44 49 50 52 55
06 12 13 19 22 26 27 30 37 40 42 43 49 50 54
03 04 14 15 20 24 28 33 34 45 51 54 55 56 60
03 10 16 17 18 22 24 26 29 34 36 38 45 48 56
02 16 22 27 29 31 35 36 39 42 43 44 47 53 60
02 14 15 19 20 21 25 27 32 36 38 45 52 56 57
02 08 11 16 21 22 30 31 33 37 41 44 47 50 52
01 03 06 08 10 14 15 17 19 21 24 31 36 49 58
04 05 06 07 08 18 20 22 24 30 51 52 58 59 60
06 18 22 25 31 35 37 17 43 46 48 50 55 56 58
07 09 14 16 19 20 26 28 29 32 37 41 42 45 52
03 05 06 17 18 21 26 30 41 47 49 50 53 58 60
06 13 15 23 25 27 31 32 34 39 40 41 48 57 59
04 07 08 16 23 26 32 33 34 36 41 44 47 56 60
03 09 12 14 15 16 23 28 32 37 38 40 53 57 58
03 11 15 16 18 22 29 43 44 46 47 49 51 52 54
04 18 22 12 24 25 33 34 35 46 47 52 53 55 56
04 07 08 11 14 15 26 31 32 36 40 44 45 57 58
02 06 18 21 22 26 28 42 43 46 51 53 55 59 60
01 05 09 10 11 13 18 19 22 26 28 29 31 48 55
04 06 13 14 16 17 20 21 32 41 43 47 56 59 60
04 13 16 18 22 27 29 30 32 34 35 46 53 55 60
03 06 07 14 20 26 32 35 46 49 51 53 54 56 58
08 09 10 14 16 19 24 33 34 38 40 43 46 50 51
07 12 14 20 23 24 31 36 38 42 43 51 53 54 55
04 07 08 15 19 23 29 35 39 40 42 44 50 57 58
05 08 09 10 15 16 23 33 37 41 43 44 50 52 58
09 11 12 15 20 32 35 38 39 46 49 54 58 59 60
05 09 11 12 17 23 27 30 33 38 39 43 47 50 59
01 04 19 22 23 26 27 28 34 35 36 38 45 50 52
02 03 13 14 15 17 21 25 28 35 46 50 52 53 60
11 12 13 14 17 19 20 22 24 30 33 41 47 53 54
01 08 12 13 18 35 38 41 43 45 49 50 56 57 60
08 19 20 26 30 33 35 37 38 39 40 43 48 53 58
02 04 06 07 12 13 19 26 37 41 42 46 47 55 58
05 07 11 15 24 38 42 44 46 49 53 54 56 57 60
01 03 04 05 17 22 30 37 39 42 43 46 51 57 58
01 05 10 13 15 18 26 28 30 31 36 41 43 45 59
01 08 23 26 36 37 39 40 45 51 54 56 57 58 60
04 08 12 07 13 17 18 33 38 39 42 47 55 56 60
01 24 25 26 29 31 35 36 40 43 48 49 55 58 60
02 07 10 13 16 19 21 25 26 28 35 37 43 45 51
02 08 09 10 11 14 17 25 28 41 47 51 52 53 57
01 09 11 12 13 17 29 36 37 45 47 49 51 54 57
03 07 08 11 16 22 23 26 32 40 43 45 51 53 54
01 04 27 34 35 36 42 43 45 46 47 48 51 55 58
08 12 13 18 19 25 27 32 37 38 41 45 50 52 55
02 08 10 13 14 22 26 27 34 42 43 48 52 56 59
02 05 13 14 19 21 30 32 33 39 40 47 48 56 59
03 10 21 25 30 33 35 36 37 38 45 47 53 54 60
03 11 13 15 16 20 24 28 37 46 49 50 53 54 55
01 09 12 19 20 21 25 36 37 38 44 48 49 54 58
02 03 09 13 15 17 18 20 24 25 32 36 43 49 50
01 03 05 06 13 15 27 31 34 40 43 45 46 51 57
03 05 07 09 12 16 18 25 29 33 37 43 44 45 54
03 17 18 21 24 28 29 33 35 36 41 42 51 57 60
01 06 12 18 22 23 26 33 38 41 45 46 47 49 58
04 10 17 25 31 33 36 41 45 46 50 51 53 56 57
06 11 12 18 20 22 26 29 35 47 50 54 55 59 60
01 03 06 07 23 29 30 34 38 40 42 44 50 55 57
04 05 06 10 12 17 21 25 27 31 36 42 43 45 53
04 12 13 19 20 24 35 39 41 42 46 47 48 54 58
04 05 08 09 16 19 21 30 35 37 38 45 54 55 57
05 07 10 13 17 24 26 28 33 34 37 39 43 49 60
03 05 07 09 17 24 27 35 38 40 42 47 51 53 59
03 06 10 12 13 14 19 31 34 36 40 48 49 51 60
02 04 09 12 17 19 21 25 27 36 48 50 52 53 60
11 12 15 19 20 21 28 36 39 43 46 50 52 53 58
01 08 10 11 19 23 26 27 28 29 39 46 47 51 54
04 10 12 13 16 20 22 26 27 31 35 41 45 54 57
01 02 04 05 11 18 19 20 25 30 39 43 46 49 55
03 06 09 15 24 25 33 36 39 41 26 50 51 55 59
14 15 20 30 33 39 40 42 44 49 50 52 53 55 57
01 04 14 15 21 32 35 39 41 45 47 52 53 55 60
03 08 17 18 20 21 32 40 42 45 47 48 50 58 59
01 05 06 10 12 14 18 22 28 30 35 38 46 52 56
01 05 10 12 19 29 33 38 39 40 42 43 52 53 59
01 06 07 12 13 15 21 26 30 48 51 52 56 59 60
10 13 14 17 18 19 23 26 28 34 41 43 45 47 59
02 04 06 12 15 16 17 29 31 33 39 49 50 53 59
01 06 12 15 23 25 34 38 45 47 49 51 54 57 58
06 08 15 17 24 25 28 31 37 40 44 46 47 48 51
02 03 06 07 10 14 19 20 24 27 35 46 50 51 52
03 05 11 17 20 24 28 31 33 37 38 40 42 43 47
01 03 09 23 27 28 29 31 33 35 37 43 44 45 46
03 07 08 10 21 26 32 33 36 40 47 49 56 59 60
06 08 09 14 17 28 33 34 35 40 43 46 49 55 60
01 08 10 20 21 25 32 33 36 42 48 49 55 57 60
01 13 14 16 17 24 26 29 32 34 48 50 52 53 60
01 02 07 13 14 19 24 29 31 33 34 42 47 48 50
01 02 10 12 21 25 33 34 02 41 50 54 56 58 59
01 03 05 06 12 18 23 26 28 34 37 39 43 48 50
08 09 12 15 16 19 22 24 29 37 38 47 51 52 54
02 08 09 11 13 26 28 30 32 36 40 41 45 54 58
02 03 04 05 12 17 25 30 36 38 40 42 43 46 50
02 05 06 14 16 21 25 31 32 34 37 42 48 50 54
02 08 09 11 14 15 17 30 32 40 42 43 46 50 54
04 10 12 13 20 25 31 36 39 46 47 51 52 54 59
03 05 12 17 24 25 28 34 36 37 42 43 46 53 54
05 06 11 22 23 26 28 30 31 32 36 38 53 59 60
03 04 08 13 14 17 18 22 24 25 28 30 41 45 60
10 11 18 19 27 28 36 37 39 40 41 47 49 51 54
03 05 06 09 11 14 19 37 38 42 43 48 54 58 59
02 05 09 16 18 19 26 29 32 38 43 47 53 45 60
03 06 14 16 18 24 31 39 41 44 45 46 48 49 59
13 15 19 20 21 23 25 30 31 33 41 47 53 59 60
02 13 24 26 31 34 42 44 45 46 48 49 53 55 56
03 05 06 10 11 12 27 28 30 38 41 43 47 50 52
01 03 06 08 09 15 25 27 29 30 43 44 51 52 56
02 04 07 13 19 20 23 24 25 30 38 47 51 54 56
13 14 22 24 29 33 40 41 42 47 50 52 57 58 60
02 03 07 09 10 24 26 35 37 39 40 42 56 58 59
06 09 25 26 29 37 39 40 41 49 53 54 56 59 60
02 07 09 12 14 16 18 28 38 39 48 49 51 57 59
08 13 14 20 25 26 27 33 35 36 38 44 48 54 58
04 06 14 17 27 30 31 32 33 37 44 49 51 56 59
09 11 12 16 19 20 28 29 39 41 46 48 49 50 57
03 07 08 10 13 14 21 32 37 44 45 50 52 55 57
01 03 11 12 14 19 20 21 24 30 40 41 47 49 59
01 03 05 06 08 13 16 21 23 28 30 33 47 54 60
03 10 11 13 14 23 25 29 31 34 35 39 45 48 59
05 07 15 18 19 20 27 29 31 32 36 47 52 56 58
01 02 06 08 10 11 12 15 21 25 26 30 38 45 50
01 05 08 15 17 24 31 34 37 38 39 47 51 52 57
01 07 10 22 34 36 38 39 40 42 45 50 51 59 60
02 10 15 21 24 25 26 27 28 32 36 49 55 57 60
01 06 07 10 12 16 17 22 25 30 42 47 49 57 60
11 13 15 18 21 29 30 34 37 41 42 43 45 57 59
01 02 07 10 15 18 26 28 46 49 50 51 54 56 59
01 02 08 17 20 22 23 35 36 39 43 49 50 52 60
06 07 09 12 13 14 16 18 21 24 25 38 50 58 59
08 12 20 23 26 29 30 37 42 43 45 46 49 54 56
04 11 12 14 19 26 28 29 30 32 34 37 40 43 55
01 02 09 13 16 18 19 24 25 35 38 39 42 44 47
02 05 08 10 12 26 29 34 40 41 46 49 50 58 60
08 10 21 23 31 32 37 38 46 48 50 52 56 58 59
02 04 07 11 17 20 33 40 42 45 48 53 55 57 60
02 02 09 11 18 20 26 31 39 46 51 55 56 57 58
07 08 09 10 11 16 17 19 22 27 30 38 41 42 45
05 06 07 08 10 13 14 15 19 25 27 28 37 40 50
01 06 08 12 16 20 26 28 34 35 40 43 46 51 60
01 02 06 11 15 16 18 20 21 27 31 34 44 58 59
03 10 16 18 22 38 40 43 48 49 51 52 57 59 60
06 07 08 10 11 14 33 41 45 51 53 54 56 57 59
01 04 05 07 11 20 21 27 29 33 36 42 46 48 49
06 08 13 20 21 30 34 36 37 39 47 49 54 56 60
05 06 08 09 10 14 16 19 20 25 33 48 52 57 60
01 03 08 18 19 20 23 39 40 41 46 47 51 55 58
01 03 04 08 11 18 22 24 27 38 42 44 45 54 57
02 06 12 20 25 27 36 38 41 45 49 54 55 56 58
05 07 13 20 21 28 30 40 42 45 48 51 52 57 59
05 08 10 19 21 22 24 27 33 39 46 49 54 58 59
02 12 13 16 22 29 32 36 38 41 44 45 47 50 54
04 13 16 20 22 28 33 40 47 49 50 51 54 56 60
02 08 12 17 19 20 24 29 33 35 39 47 50 56 60
02 08 15 16 21 32 35 36 37 40 43 44 48 49 55
02 03 06 07 13 14 16 19 07 22 29 40 41 44 45
06 07 08 12 13 21 25 28 37 43 52 53 54 57 60
02 03 04 05 09 10 14 15 18 21 22 29 32 52 54
02 03 07 08 12 16 17 18 20 23 27 29 50 52 56
06 08 09 13 15 16 31 32 37 39 40 46 53 55 58
03 07 13 15 26 27 28 31 34 36 46 47 48 53 56
02 04 05 06 09 10 13 16 19 31 42 47 48 50 51
03 07 13 14 15 17 23 32 35 42 44 48 52 53 56
01 06 08 09 15 24 36 37 40 48 49 50 52 54 56
06 12 23 26 28 29 36 37 41 47 50 51 53 54 60
03 06 12 17 21 24 36 38 39 42 44 47 56 58 60
03 20 21 23 25 34 36 41 43 47 48 53 54 55 60
02 11 12 22 25 29 30 31 32 35 39 41 44 55 60
02 04 11 12 14 16 23 24 26 32 36 43 44 56 58
01 04 06 08 09 20 22 23 29 34 38 41 44 45 54
01 03 08 12 17 21 23 24 35 44 45 47 49 50 60
02 03 10 18 19 22 31 32 35 43 51 56 58 59 60
07 11 12 18 27 30 33 35 40 45 47 50 51 52 56
02 04 05 10 13 14 15 16 21 37 41 47 55 57 58
04 05 09 12 22 24 29 31 33 34 40 42 50 51 57
16 22 29 33 34 35 36 37 40 41 44 46 47 48 51
01 04 05 06 19 22 24 27 33 34 47 51 53 57 58
04 05 08 09 12 17 19 26 32 35 37 39 48 53 57
01 04 06 08 09 10 11 17 22 30 37 42 53 56 58
03 10 16 19 29 36 38 40 40 41 44 45 50 55 57
02 05 10 12 13 17 18 23 24 27 33 34 47 53 54
07 09 11 15 21 01 30 31 46 47 48 49 50 53 59
02 03 08 10 12 14 15 17 18 40 41 45 48 51 52
01 03 06 09 11 16 18 33 34 36 37 43 50 51 55
02 05 06 11 13 15 17 20 21 25 27 32 38 44 55
02 09 11 15 23 29 31 32 33 41 44 51 52 54 57
01 10 11 13 15 17 18 22 25 30 31 32 33 55 59
01 05 11 15 17 19 24 25 29 33 34 35 36 37 46
04 01 14 15 17 26 31 32 37 40 45 46 49 54 59
01 08 10 14 16 22 28 29 34 37 38 40 45 48 51
01 07 08 10 15 16 22 23 24 28 36 44 45 50 56
07 08 09 14 15 18 21 26 30 47 48 49 53 54 57
06 08 12 21 25 27 31 34 39 42 43 45 50 54 58
09 16 23 25 27 28 30 34 41 43 46 47 54 55 56
02 04 11 13 16 17 23 26 27 30 33 38 47 53 54
03 05 09 10 21 30 33 34 36 37 43 47 52 54 58
03 04 07 10 11 18 24 27 28 29 35 36 46 50 56
08 12 13 19 20 21 22 23 28 32 33 37 46 47 53
05 15 16 18 21 25 32 34 45 48 50 51 56 59 60
05 06 11 14 19 22 27 30 32 39 44 50 51 58 59
03 06 12 23 24 25 26 30 33 36 40 41 54 57 58
03 05 06 08 18 22 26 33 36 38 45 52 56 58 59
02 04 11 15 22 24 30 39 41 42 48 53 57 59 60
15 18 23 24 25 26 31 36 39 45 46 47 48 50 51
01 09 12 20 24 25 30 34 37 38 39 40 41 42 51
05 06 09 10 20 23 27 32 33 35 37 43 55 57 60
10 16 18 20 21 30 33 36 37 38 43 46 51 54 60
06 07 12 16 17 23 30 34 36 40 41 45 46 50 57
02 07 09 14 22 28 32 34 42 47 49 50 54 55 57
03 08 09 14 16 17 20 24 30 36 45 46 47 52 60
03 04 12 13 15 16 18 24 25 28 38 39 45 56 59
03 04 10 13 15 18 20 21 22 23 44 45 51 59 60
02 14 18 20 21 17 24 25 27 28 34 43 51 53 57
05 07 09 10 13 14 15 24 27 28 32 36 46 48 56
05 12 14 15 26 30 33 35 37 39 42 43 48 50 55
02 03 11 19 22 25 30 31 40 41 42 46 54 55 56
01 02 08 23 24 26 29 36 39 43 44 46 49 52 57
03 07 10 17 19 20 23 26 30 40 45 46 47 53 60
01 04 05 06 15 19 23 24 29 31 35 36 44 49 53
02 06 10 23 25 34 42 43 44 48 52 54 56 57 59
02 03 08 09 12 16 18 21 25 27 38 44 53 55 57
03 06 11 15 23 32 34 36 37 39 43 45 50 53 55
02 07 12 18 19 24 32 34 45 47 48 52 54 56 58
04 05 07 13 15 22 27 28 35 36 37 45 46 57 59
09 14 16 27 38 42 43 45 46 48 50 52 54 59 60
04 05 06 08 12 17 23 30 35 36 40 50 51 55 59
07 09 10 17 21 22 23 25 29 36 48 50 51 56 58
01 02 10 18 20 21 24 28 30 31 34 45 51 56 59
01 02 12 20 33 36 40 43 44 45 48 49 52 54 56
03 05 02 15 18 22 28 34 38 41 43 44 50 52 56
07 14 15 17 20 22 23 25 26 38 43 49 51 55 57
02 06 09 14 15 18 26 32 40 42 47 54 56 59 60
05 06 10 11 14 16 17 20 29 34 40 44 52 56 57
01 05 09 17 18 28 30 33 35 37 38 42 50 52 56
04 05 10 12 14 26 27 31 36 41 42 44 48 52 60
03 05 08 14 23 29 24 34 37 39 41 46 50 51 59
03 04 06 09 12 15 19 21 22 38 41 42 44 51 54
03 07 13 14 16 25 35 39 42 44 45 46 47 48 50
04 05 06 14 15 18 20 24 32 42 51 55 57 58 60
15 29 33 38 39 40 41 42 44 45 53 56 57 58 59
02 05 11 13 32 33 36 39 40 41 44 48 50 53 58
05 06 09 19 24 25 29 32 35 36 37 44 45 59 60
05 10 16 18 25 29 30 32 33 45 46 47 48 49 56
09 10 13 14 18 20 24 26 29 33 34 38 49 58 59
05 19 21 23 24 30 34 37 39 42 46 50 51 57 60
07 10 16 20 23 28 29 32 34 37 41 42 44 49 54
01 02 12 13 15 24 25 28 29 35 41 43 47 56 58
02 04 10 13 14 17 20 26 42 43 45 49 50 54 57
05 07 08 19 25 29 31 32 33 35 38 39 45 51 55
08 10 14 29 33 39 40 45 49 50 51 52 54 55 58
04 15 16 17 18 19 35 36 37 41 42 43 47 51 59
03 05 06 09 13 16 21 28 35 39 41 46 49 55 57
01 18 20 24 26 31 34 38 42 45 49 53 57 59 60
02 08 12 13 15 22 24 32 41 44 45 47 54 56 59
07 08 09 10 11 25 27 36 40 43 45 48 54 56 60
12 18 23 25 26 28 29 30 34 39 44 47 54 58 60
05 07 10 14 16 20 26 27 31 36 38 39 46 52 53
14 17 18 24 27 37 44 45 46 49 50 52 56 59 60
06 08 09 14 21 25 28 34 40 49 50 51 52 55 58
02 04 18 31 32 33 35 37 40 43 46 49 50 51 55
02 10 13 20 29 30 38 39 41 47 49 50 52 53 54
08 11 14 15 23 25 29 33 38 41 43 44 48 50 53
05 07 09 11 16 23 28 30 34 35 37 45 50 56 57
03 04 06 11 22 24 27 41 43 47 48 53 55 57 60
14 15 23 26 27 28 29 30 31 33 34 42 52 59 60
03 04 05 08 11 13 16 18 35 39 43 44 52 53 56
05 10 16 21 24 27 30 32 34 41 48 51 52 54 56
07 08 15 29 33 36 41 42 46 49 54 56 57 58 59
04 08 14 16 21 22 29 31 36 37 41 42 49 51 54
01 02 05 20 22 25 32 38 39 41 43 44 48 54 59
02 05 06 16 25 27 29 34 36 37 39 41 57 59 60
01 18 19 22 23 29 31 45 47 52 54 55 57 58 60
08 11 16 17 19 20 21 27 32 33 35 45 46 48 49
02 04 15 18 23 24 31 32 33 35 37 47 51 52 55
02 05 07 08 09 14 17 21 27 28 30 34 36 45 48
06 07 09 22 34 35 36 38 44 45 49 52 55 58 60
04 07 11 15 19 28 32 37 40 42 49 51 53 55 58
18 19 20 26 28 32 38 40 41 44 45 47 49 53 60
02 10 16 20 25 29 32 33 34 36 37 39 43 53 60
02 05 11 13 19 20 22 28 29 31 36 44 46 55 59
01 02 11 13 18 21 29 30 36 38 40 44 48 53 60
05 07 08 12 13 20 22 23 26 40 41 42 43 46 54
01 05 07 13 17 27 30 31 37 42 45 47 52 57 60
04 06 07 09 11 12 15 27 32 34 39 40 50 57 60
02 04 06 08 09 11 13 14 28 36 38 40 43 47 48
01 04 08 09 11 13 23 24 27 30 33 36 39 42 51
02 07 10 17 18 19 23 30 33 37 48 49 50 51 60
07 12 13 14 21 24 31 32 35 38 42 51 55 56 60
03 11 17 18 19 24 25 34 35 39 42 49 51 52 57
03 06 07 16 18 23 24 29 33 41 42 45 49 55 57
05 15 21 22 24 28 30 32 41 47 51 55 56 57 59
05 10 15 25 26 27 29 32 35 36 41 47 49 55 56
08 12 13 17 18 25 26 27 40 42 43 48 56 59 60
02 07 09 11 18 20 34 35 38 42 44 50 54 58 60
01 10 17 24 26 30 35 37 39 44 46 50 51 53 57
10 13 16 17 20 24 30 31 32 34 35 44 47 50 53
01 07 10 14 15 21 29 30 33 37 40 42 57 58 59
01 02 04 05 11 15 17 29 34 41 45 52 53 55 57
01 05 06 10 13 15 19 25 26 28 39 40 41 47 59
01 08 09 18 22 25 26 29 44 46 49 50 52 57 60
03 07 15 19 20 27 28 29 32 37 38 41 45 57 60
01 04 05 13 17 18 20 27 38 39 47 48 53 59 60
02 06 12 14 16 18 23 24 25 27 32 36 39 43 49
02 03 13 19 20 24 27 30 42 44 45 46 50 54 55
02 08 22 26 35 38 40 41 42 48 51 54 55 56 60
03 10 13 19 31 34 39 45 46 49 52 53 55 58 60
14 19 21 27 28 35 36 37 38 40 44 48 53 57 60
02 05 11 13 14 15 16 28 31 33 37 44 45 48 51
06 15 17 20 21 27 31 34 35 39 40 50 54 56 60
05 08 15 16 17 21 26 27 34 39 41 42 44 48 52
05 08 09 14 15 18 20 26 30 33 34 36 42 52 55
03 08 12 16 22 25 27 28 31 35 37 38 40 51 56
05 06 08 10 11 14 15 19 20 27 29 32 35 54 60
02 03 09 28 30 31 34 35 38 48 53 54 55 59 60
01 05 06 09 15 22 25 31 33 37 40 41 42 45 46
